EUCLIDEAN
20
31.331786008983197 63.37760124303553
57.189666413852535 60.15654013963587
85.20402560079977 47.773636919020255
51.70042274097339 54.41188262380877
44.520996395705595 69.08281583009517
73.12580499079603 14.942434366544987
47.83616017870707 41.18030379737024
82.61793404064312 86.86997144323149
22.922763403546696 93.6722090392027
81.28946236536126 40.679021887340774
55.02915212167926 2.5951757164203393
54.14267469032741 2.0118399366087836
92.32901408431606 43.9188802244879
85.37308703674243 27.483619526839263
48.01134021254943 76.88942091133768
73.88740522705957 16.889312231988505
73.40808072266736 57.49959462682026
63.479940656920995 43.1955242920605
76.23610687342844 21.86866443954576
60.05180477096425 30.935224848327746
0.0 26.05772848243607 56.08655722419794 22.254560716377426 14.37027293093712 63.97425586128859 27.66070101471738 56.41064117299493 31.440021035335437 54.87253349076738 65.2385500572911 65.46826180028015 64.02580461463833 64.8755742958436 21.465712174964537 63.02492952958017 42.484886002119346 37.95813585152467 61.15055083033316 43.32836557988815
26.05772848243607 0.0 30.62908116196807 7.945620559427221 15.497535214697201 47.940336602946346 21.156219525435727 36.88094638850267 47.932459812773 30.986672654108006 57.60189663777494 58.224482138213375 38.709628701728896 43.148869502883215 19.084836147515524 46.377445943975616 16.434607453494003 18.089875860124454 42.76363314553291 29.361149557353645
56.08655722419794 30.62908116196807 0.0 34.15490756283948 45.92591829421318 34.98244236964563 37.94508410659645 39.18177181785613 77.36688273127317 8.102923408991304 54.328780090443374 55.30777145612491 8.100901805619037 20.290721710775347 47.23372443367829 32.89236093772155 15.288511009966028 22.201238295959726 27.41333918848757 30.268239686761678
22.254560716377426 7.945620559427221 34.15490756283948 0.0 16.333414945762023 44.90973558465735 13.784310044046073 44.826555017921464 48.677786588794895 32.62058751618094 51.92351638724183 52.45692583638984 41.9617150971751 43.11588656394728 22.778258435816618 43.591346396354886 21.926157448667183 16.265415351546043 40.756114211687965 24.917845856291592
14.37027293093712 15.497535214697201 45.92591829421318 16.333414945762023 0.0 61.23247487878052 28.09876311591818 42.04473287735558 32.72799912575904 46.461764926702664 67.31290830625917 67.7576010533861 54.02619929698591 58.30425750166371 8.551349767975891 59.887793292922375 31.122895982813002 32.08727833075086 56.877274232718676 41.18791942428299
63.97425586128859 47.940336602946346 34.98244236964563 44.90973558465735 61.23247487878052 0.0 36.44162355042174 72.55116197427208 93.37410135909496 27.000319237832628 21.907616055572774 22.968663616241734 34.7620145280412 17.52932522197436 66.84433770394105 2.0905425953160104 42.55809639783664 29.854309388876985 7.592538496790585 20.65668969468154
27.66070101471738 21.156219525435727 37.94508410659645 13.784310044046073 28.09876311591818 36.44162355042174 0.0 57.4222737495836 58.10402270750356 33.45705771201235 39.24985658718986 39.67292132547154 44.57705519112977 39.957728138022404 35.70954680618755 35.619090945709964 30.335496921639344 15.773046037236016 34.343796920982555 15.943136939650739
56.41064117299493 36.88094638850267 39.18177181785613 44.826555017921464 42.04473287735558 72.55116197427208 57.4222737495836 0.0 60.08147662719437 46.21004931686253 88.67571303670411 89.50833971124152 44.03522808497142 59.4502284433752 36.017047703862936 70.52315078756011 30.780520341225802 47.68354144477757 65.3138394996007 60.31522251349118
31.440021035335437 47.932459812773 77.36688273127317 48.677786588794895 32.72799912575904 93.37410135909496 58.10402270750356 60.08147662719437 0.0 78.8349505753086 96.57042091344034 96.83132821963257 85.39684632178712 90.99984782144986 30.184410937535894 92.157517101462 62.106564051146826 64.75168206173488 89.43188250849082 72.90058229005786
54.87253349076738 30.986672654108006 8.102923408991304 32.62058751618094 46.461764926702664 27.000319237832628 33.45705771201235 46.21004931686253 78.8349505753086 0.0 46.25995280223231 47.24509541830118 11.505145987785621 13.812843078535348 49.17953244485496 24.91466907997463 18.5754634903658 17.986435106389628 19.477318836063265 23.366208097043213
65.2385500572911 57.60189663777494 54.328780090443374 51.92351638724183 67.31290830625917 21.907616055572774 39.24985658718986 88.67571303670411 96.57042091344034 46.25995280223231 0.0 1.0611893649601511 55.668018257360686 39.24524202287419 74.62495931707048 23.66339047795741 57.89887937092478 41.47052123292953 28.65662746038305 28.781685573195592
65.46826180028015 58.224482138213375 55.30777145612491 52.45692583638984 67.7576010533861 22.968663616241734 39.67292132547154 89.50833971124152 96.83132821963257 47.24509541830118 1.0611893649601511 0.0 56.695648351551746 40.30074702558743 75.12819307760218 24.7223292969727 58.737098925227876 42.2289047077992 29.70544099941495 29.52084031766947
64.02580461463833 38.709628701728896 8.100901805619037 41.9617150971751 54.02619929698591 34.7620145280412 44.57705519112977 44.03522808497142 85.39684632178712 11.505145987785621 55.668018257360686 56.695648351551746 0.0 17.846644370604807 55.23687871872816 32.72140710765948 23.290288168111363 28.858140643919 27.298235815904846 34.79071065650739
64.8755742958436 43.148869502883215 20.290721710775347 43.11588656394728 58.30425750166371 17.52932522197436 39.957728138022404 59.4502284433752 90.99984782144986 13.812843078535348 39.24524202287419 40.30074702558743 17.846644370604807 0.0 61.94217736082258 15.625627465513432 32.31284786735047 26.947612320197692 10.724370710541322 25.555447851261384
21.465712174964537 19.084836147515524 47.23372443367829 22.778258435816618 8.551349767975891 66.84433770394105 35.70954680618755 36.017047703862936 30.184410937535894 49.17953244485496 74.62495931707048 75.12819307760218 55.23687871872816 61.94217736082258 0.0 65.34205217292205 31.952461436985224 37.07500868642044 61.837861345532474 47.50537782798913
63.02492952958017 46.377445943975616 32.89236093772155 43.591346396354886 59.887793292922375 2.0905425953160104 35.619090945709964 70.52315078756011 92.157517101462 24.91466907997463 23.66339047795741 24.7223292969727 32.72140710765948 15.625627465513432 65.34205217292205 0.0 40.61311103779779 28.290141599648575 5.505483432956741 19.71576783203086
42.484886002119346 16.434607453494003 15.288511009966028 21.926157448667183 31.122895982813002 42.55809639783664 30.335496921639344 30.780520341225802 62.106564051146826 18.5754634903658 57.89887937092478 58.737098925227876 23.290288168111363 32.31284786735047 31.952461436985224 40.61311103779779 0.0 17.411903781804924 35.742984177595154 29.73307668282126
37.95813585152467 18.089875860124454 22.201238295959726 16.265415351546043 32.08727833075086 29.854309388876985 15.773046037236016 47.68354144477757 64.75168206173488 17.986435106389628 41.47052123292953 42.2289047077992 28.858140643919 26.947612320197692 37.07500868642044 28.290141599648575 17.411903781804924 0.0 24.85064843644871 12.73055607986462
61.15055083033316 42.76363314553291 27.41333918848757 40.756114211687965 56.877274232718676 7.592538496790585 34.343796920982555 65.3138394996007 89.43188250849082 19.477318836063265 28.65662746038305 29.70544099941495 27.298235815904846 10.724370710541322 61.837861345532474 5.505483432956741 35.742984177595154 24.85064843644871 0.0 18.55085313913944
43.32836557988815 29.361149557353645 30.268239686761678 24.917845856291592 41.18791942428299 20.65668969468154 15.943136939650739 60.31522251349118 72.90058229005786 23.366208097043213 28.781685573195592 29.52084031766947 34.79071065650739 25.555447851261384 47.50537782798913 19.71576783203086 29.73307668282126 12.73055607986462 18.55085313913944 0.0
