EUCLIDEAN
50
1.049272327538986 54.86504777383278
88.08897318626688 32.24823435769682
73.29542505803414 56.51773131920316
48.53675669801149 98.56868726827076
88.18970792226004 56.4121965949185
60.44008334805744 18.662257230576763
61.2993448505626 45.29529105890726
72.47535028170738 28.87420895826346
31.301672302846463 54.28506019134802
36.8309569352833 92.84537505050298
84.09557187385626 96.51798165297794
84.97694469985339 95.5661095860756
40.96934547982458 3.198886779610488
60.93202325877455 15.274228795327149
59.88260642330637 76.75497790368487
55.69678583793928 94.19280609084261
14.277906093139858 16.79394308960036
91.99778762602367 6.649101674445657
93.48826488233462 82.20646892450864
64.86677150669613 68.29924582807882
13.459232623125994 3.5846113681193614
6.91936046648125 55.86832986487404
47.73488744049027 23.218849614223192
69.45576426321664 81.91223425027523
18.324990438305843 75.29348337008636
64.9855501820895 42.841412905009435
24.047798467291848 41.88645427627924
54.900290205595184 16.05715164798278
32.728055085585126 16.25633640767972
85.72040027123127 94.44980276815814
77.18873459168898 32.53014217658616
97.05282736953325 55.548192529675376
88.63845613358635 59.00644406735196
84.79238865436773 70.964410420253
36.224370777918836 68.4702431634386
34.62578869110895 0.9466369014926257
78.42911801808958 54.386282623884675
70.6506297258809 17.30844252366931
5.634478700922307 97.39287636381371
73.96850047345971 55.33230590299129
50.96728046944571 41.27255136130557
51.83033921112222 69.59552826448933
46.590976033151854 45.35568230135269
14.580042269480064 31.95459263194641
14.214782399624026 5.964952312071614
10.598882103744323 1.8398566117772686
0.6059034232917426 8.687056796865066
70.08412664419669 44.50945519603145
12.246510366501152 24.42957947755231
91.75453577681918 34.59694368278583
0.0 89.9301383001113 72.26505343012741 64.5373479227003 87.15416906328873 69.55508951035722 61.00533978769782 76.00794902016396 30.25795911593874 52.18078394783912 92.90669926908981 93.27609888110972 65.29168731442564 71.78702394222229 62.77364289185384 67.32773059527938 40.303917466943325 102.93886483373375 96.39772121312924 65.21618571215608 52.760688703792184 5.955208620456113 56.40060741190561 73.55948909037761 26.753904708527287 65.0570166957652 26.40787938808481 66.37759357055279 49.941744767142424 93.46738861880048 79.34775183905238 96.00598558141392 87.68703600344536 85.27660294447547 37.714571356218094 63.518323986953334 77.38132678600327 79.0875941574172 42.774295108923944 72.92072519905506 51.735514838262034 52.87441545133684 46.52391651719607 26.60771861753885 50.641386154286174 53.87825112835721 46.18011938761273 69.80723034299217 32.429860778533644 92.94213716527526
89.9301383001113 0.0 28.422834992078176 77.21904106758565 24.164172207814417 30.806490935906197 29.797816613466335 15.974018517636903 60.91321067261845 79.36874504570324 64.39369279239433 63.394306090821686 55.35452926280012 32.025252445463764 52.692023561778235 69.90267354266216 75.41159555416701 25.895837975612015 50.24915473768506 42.88293458806514 79.94499020833231 84.53647106928558 41.351928917804614 53.04440931992803 81.97503736745979 25.416207156953945 64.76239142114231 36.92749432745645 57.624405012061985 62.24664850716976 10.903883410834716 24.964749801165883 26.76385096310464 38.85627051690377 63.261132655835816 61.952418029271016 24.153798519202414 22.96286573331956 105.08362404741688 27.060341992321632 38.20285810700184 52.05294323958882 43.51883453535482 73.5095174109587 78.4105029920813 83.24291953743679 90.60031226881404 21.783297166634544 76.24441311140347 4.353479596715313
72.26505343012741 28.422834992078176 0.0 48.798304839328296 14.894656747223252 39.9787034426447 16.42708451734515 27.655683885207765 42.05306279962246 51.471886836829285 41.43263445652427 40.758235320177505 62.35282354419876 43.05670916926771 24.278588366073045 41.58272912457387 71.14103524747152 53.26029091424983 32.675097856381264 14.486072097408972 79.88920523364332 66.3792412800183 41.978049098309995 25.683141827578005 58.088531977990876 16.002990527406755 51.37512036704128 44.445916500513135 57.15497726972869 39.91518575000232 24.301487444184247 23.77717750396001 15.543561166224391 18.463117531558154 38.95029659483794 67.7014572334475 5.558585876722393 39.29838762850908 79.0492324084043 1.3631815477959615 27.03630064778821 25.13520804285166 28.943374647739905 63.646240723045395 77.75670904992461 83.18970177215489 87.0145963660668 12.43025071963758 68.96824975035189 28.657628986524195
64.5373479227003 77.21904106758565 48.798304839328296 0.0 57.87509176394515 80.78815969377308 54.78082146181694 73.69108880773472 47.519340917108956 13.030044160598127 35.61789901482795 36.56368108310758 95.66955920140954 84.21169423193729 24.587928384302653 8.391326078968994 88.66102655763638 101.67630709789852 47.8368088105197 34.393436419658165 101.25417211073277 59.62657286369899 75.35410425980447 26.74027495471583 38.13772328067247 58.10414714149112 61.7461303417821 82.75655907008334 83.81669374812975 37.411075350830494 71.9862853260692 64.8426717598651 56.332205572921 45.568266906442354 32.51939705125238 98.60821339372717 53.34452310641056 84.21550187611102 42.91838753521109 50.161322401068496 57.34766460522114 29.159760431613115 53.24856768031409 74.76961989336318 98.75955471536489 103.90259385069719 101.86301680119747 58.19527234954737 82.54446851731174 77.20207513967264
87.15416906328873 24.164172207814417 14.894656747223252 57.87509176394515 0.0 46.851889887395856 29.097718378324906 31.706179194784124 56.927790277816534 62.969022505663446 40.31421517413062 39.28550305191916 71.1436502485986 49.34889834529467 34.85858210897798 49.8313600001169 83.86036286851366 49.90858730813973 26.332853830760815 26.177496108604714 91.51719892637236 81.27216723210388 52.329635809864506 31.64194313636291 72.37113885658331 26.881203588920986 65.76611390706344 52.31362140574673 68.47253495200042 38.11767258983564 26.293990519891096 8.905132753720697 2.6327732347082127 14.943517170540845 53.34597221509462 77.10720949111222 9.968622908678226 42.85700463685533 92.16714157501227 14.262149389496836 40.18355339289552 38.67562445497651 43.04301340642557 77.56647000556133 89.5388969209068 94.86030013886105 99.74272795175217 21.66765622362829 82.40301604109565 22.104598102045504
69.55508951035722 30.806490935906197 39.9787034426447 80.78815969377308 46.851889887395856 0.0 26.646891399010954 15.783903454241312 46.022071759337464 77.8493790563509 81.37011713602897 80.72335518369897 24.864140018051177 3.423556857102903 58.09539547782933 75.6793411863667 46.19996976886243 33.76691584541548 71.62436137604138 49.833986445822106 49.341014780727505 65.182510067004 13.497575234106543 63.88929562419945 70.57461884318813 24.602699808511566 43.17130675877689 6.12175490833586 27.8162715946281 79.89271858152706 21.744782163925084 51.97177356672948 49.221962976625406 57.69358718270262 55.38263444409024 31.30848147515332 39.99764191375945 10.299906387648518 95.92791402840415 39.08593787484353 24.514473175149085 51.655839866538685 30.072191729717673 47.7475606513182 47.93745925648056 52.60359782425063 60.659984429292074 27.58777290328477 48.53743382822223 35.13558258010527
61.00533978769782 29.797816613466335 16.42708451734515 54.78082146181694 29.097718378324906 26.646891399010954 0.0 19.863409444329083 31.315751744682533 53.47627973952932 56.06631785834915 55.56783179155569 46.74843449421813 30.02330935432581 31.491571001503534 49.2174323160836 54.984930107126374 49.35506400338197 48.97511229428551 23.278927551950996 63.47012792015812 55.398301880160645 25.910688367741805 37.514366665518814 52.4088416117809 4.428275933176967 37.407190166538435 29.93019706854491 40.737936693828225 54.886737644300304 20.38189717207984 37.19453589982833 30.584681174838792 34.79693658864989 34.14429278504796 51.75211806066973 19.392659858962563 29.50779930380623 76.24129929414487 16.163204236089722 11.087560103566737 26.07994624318288 14.708492797399224 48.58670052783848 61.35007389675399 66.77508297059855 70.87916935228655 8.81985992888474 53.30627065099394 32.27961107161772
76.00794902016396 15.974018517636903 27.655683885207765 73.69108880773472 31.706179194784124 15.783903454241312 19.863409444329083 0.0 48.383707161573426 73.23136533095294 68.63460886626252 67.8535148120257 40.642963813603586 17.838381630367493 49.50904192860258 67.43915299113607 59.43799570593727 29.58176725011483 57.3225307633954 40.152509300937254 64.2064318410776 70.89619428555204 25.37860498348694 53.123912003909744 71.32328166938191 15.848655830140055 50.145252047966856 21.752234247864564 41.70201653530028 66.89984942244104 5.965051496040597 36.270563540846155 34.19353131000701 43.85538157837022 53.684070633303286 47.03762954897526 26.197581052052673 11.708823951466702 95.72100029100936 26.500196064024625 24.82571169961082 45.655693271969795 30.686149869252823 57.9771977022671 62.60293771081296 67.5244660917244 74.6507769827085 15.817043826209373 60.392614521581564 20.110611280669303
30.25795911593874 60.91321067261845 42.05306279962246 47.519340917108956 56.927790277816534 46.022071759337464 31.315751744682533 48.383707161573426 0.0 38.95472847529127 67.60780640649472 67.71380882820603 51.99289392321783 48.98778076194345 36.356113615144 46.773387168011425 41.175143928099445 77.15700200985306 68.16727486332037 36.37324956097573 53.74837825089509 24.43366270833872 35.1448431406707 47.10621487450084 24.693078314994423 35.57471984707515 14.36468288056936 44.92513504175396 38.055464790978874 67.63582260872185 50.78286072415696 65.76328683929673 57.53084603721368 56.03086167334371 15.015071635798751 53.44190442724234 47.12755442014826 53.996395290995736 50.170595397680415 42.67967841632821 23.58095694865134 25.609306856094634 17.705835141553415 27.897359953842745 51.25226465269369 56.3835516842515 54.96733703455462 39.995514970598556 35.41820047760997 63.57806723908414
52.18078394783912 79.36874504570324 51.471886836829285 13.030044160598127 62.969022505663446 77.8493790563509 53.47627973952932 73.23136533095294 38.95472847529127 0.0 47.4070866490245 48.22280097878171 89.74195852024211 81.22896114854112 28.111908943737824 18.91388565559073 79.32503013294169 102.33853991718281 57.647522647245864 37.262841524588396 92.26982947034105 47.56054534982221 70.47516402812624 34.408016812109025 25.50567971155307 57.38534090811918 52.53780302688145 78.88556305274719 76.69885686123445 48.915762878647286 72.57187839651593 70.83610310139538 61.87964304409512 52.71693793928711 24.382678304035615 91.92519154380635 56.652526825820125 82.76230085749495 31.526179952882362 52.78662232910856 53.475151110955785 27.668336491915447 48.48225335315446 64.82893325521295 89.77582751406942 94.71074984535127 91.62356156157244 58.66970635573089 72.69880395833951 80.05922351335956
92.90669926908981 64.39369279239433 41.43263445652427 35.61789901482795 40.31421517413062 81.37011713602897 56.06631785834915 68.63460886626252 67.60780640649472 47.4070866490245 0.0 1.297258066136073 102.80235829480678 84.48134328263427 31.25450388510581 28.493814937781575 105.97371740164036 90.2156339133614 17.11847185144331 34.147383722849725 116.73090308588762 87.2270703261891 81.82213716408064 20.679744294069465 69.11040956130151 56.97689849066185 81.18090215436808 85.5938644809418 95.29193816097676 2.6301009905573447 64.35952145641558 42.96992076776652 37.785622258143825 25.563070167167904 55.48267773589579 107.61571161199133 42.5110428286302 80.34250156946744 78.4659708577347 42.412468239089414 64.41693301832657 42.022181466883666 63.43639006217091 94.8727571964574 114.38171121449882 119.85704304913128 121.18084047845737 53.86285753324504 101.77929734328886 62.392905617328495
93.27609888110972 63.394306090821686 40.758235320177505 36.56368108310758 39.28550305191916 80.72335518369897 55.56783179155569 67.8535148120257 67.71380882820603 48.22280097878171 1.297258066136073 0.0 102.31506554799175 83.81494119799531 31.3621505753355 29.312346638727963 105.84615380098602 89.19375836543057 15.84053565555488 33.88068660839002 116.51342907626386 87.57225685765457 81.37012261478091 20.6720911818861 69.66679539476924 56.387494135449124 81.20262467930095 85.00752636071935 94.97360995314747 1.341218512525762 63.51526906137711 41.800246743109085 36.74256127191336 24.602391403673778 55.77633406030805 107.18247768420669 41.69714837840119 79.55819099743218 79.36349278888741 41.712645601718776 64.06596386359581 42.10900793899933 63.20260753003344 94.87965514796608 114.17377544009305 119.65244122939107 121.10508833092727 53.18437728453073 101.73554931388979 61.34472211812063
65.29168731442564 55.35452926280012 62.35282354419876 95.66955920140954 71.1436502485986 24.864140018051177 46.74843449421813 40.642963813603586 51.99289392321783 89.74195852024211 102.80235829480678 102.31506554799175 0.0 23.330717710835962 75.94873258303504 92.1780388765179 29.954273361322922 51.14494980629592 94.87062206811008 69.34799001376528 27.512816883163264 62.71739562769425 21.132237693173956 83.70942076696264 75.56717324863892 46.34984321337052 42.22637365565099 18.958011403564797 15.44072077824571 101.63358979044509 46.60650910333508 76.71901168150602 73.3950104635535 80.70083833126117 65.44359975663338 6.731518569026019 63.43015096889626 32.86423888955736 100.60348147093 61.69957552356451 39.36448448457204 67.27908430785024 42.52996753749156 39.029295958210234 26.897170188372975 30.40085539380287 40.73484337504412 50.53942565104073 35.717552679062514 59.707399296879366
71.78702394222229 32.025252445463764 43.05670916926771 84.21169423193729 49.34889834529467 3.423556857102903 30.02330935432581 17.838381630367493 48.98778076194345 81.22896114854112 84.48134328263427 83.81494119799531 23.330717710835962 0.0 61.48970472054158 79.09203217265797 46.67886224021519 32.240882952748215 74.43005869514036 53.17080660567533 48.890827425301374 67.5666247755397 15.403940851687219 67.18093428737426 73.60482433559808 27.863609246742584 45.482486558209004 6.08233276120494 28.221062277606116 82.96526471264299 23.7075348778236 54.09902628036293 51.770194854232216 60.5864123894826 58.65393452929697 29.954930589225494 42.84741625471052 9.92921634143688 99.00146823459215 42.12599292280921 27.842573068991733 55.07852783546133 33.32505784785251 49.26195975957426 47.63573471810399 52.095176883261814 60.68468974413855 30.634285679249864 49.53886970549731 36.37849074036794
62.77364289185384 52.692023561778235 24.278588366073045 24.587928384302653 34.85858210897798 58.09539547782933 31.491571001503534 49.50904192860258 36.356113615144 28.111908943737824 31.25450388510581 31.3621505753355 75.94873258303504 61.48970472054158 0.0 17.93318002635661 75.33335508378838 77.11172897525236 34.04495608478559 9.81536074288228 86.65467196833809 56.93292095598392 54.89703187524049 10.873943353369187 41.58330689866439 34.2953338797669 49.99947400922721 60.90196702127663 66.31331149335777 31.316104769147888 47.490400790784584 42.794311200095585 33.79214917550618 25.573969628883948 25.066889387575173 79.90501490809012 29.057384962449458 60.413913087402555 58.04121134361931 25.638706809069884 36.58531987285235 10.774819088624787 34.09667436497461 63.713396074983706 84.24237576374065 89.67252021097556 90.26056393772527 33.82077393418173 70.76118263558553 52.84997379456121
67.32773059527938 69.90267354266216 41.58272912457387 8.391326078968994 49.8313600001169 75.6793411863667 49.2174323160836 67.43915299113607 46.773387168011425 18.91388565559073 28.493814937781575 29.312346638727963 92.1780388765179 79.09203217265797 17.93318002635661 0.0 87.78443821771158 94.77163559717634 39.64679264490397 27.469348376810572 99.9692745421568 62.03227147108985 71.41914536058499 18.4423949648245 41.878819117727716 52.18473651526077 61.13601918457137 78.13971397763332 81.25057476134374 30.024714335545813 65.30075024252285 56.601486980951975 48.199934795757365 37.23053140476006 32.261822512436744 95.59725408844447 45.840137836552906 78.32510969130023 50.164479919889274 42.94175160111525 53.1311733511476 24.899306937841377 49.67877245092641 74.59344352038964 97.49313202305378 102.77591254132221 101.71646124177278 51.72456796931544 82.18779852290214 69.65506547850507
40.303917466943325 75.41159555416701 71.14103524747152 88.66102655763638 83.86036286851366 46.19996976886243 54.984930107126374 59.43799570593727 41.175143928099445 79.32503013294169 105.97371740164036 105.84615380098602 29.954273361322922 46.67886224021519 75.33335508378838 87.78443821771158 0.0 78.37919234608208 102.72818247986045 72.19438699797392 13.234676829398923 39.761236092497164 34.06829941055312 85.35214042965492 58.63936480492512 57.00645448399888 26.927400815082724 40.629065367151924 18.457979813291455 105.51996264594904 64.84905785035826 91.3979181490294 85.50664676570135 88.91980533997481 56.14345288171742 25.790956547603486 74.35430036723314 56.37507143623907 81.06106884334571 71.05049236854326 44.105696401307654 64.79346132181544 43.12664415124665 15.163659875336528 10.829174754360821 15.399997399375083 15.89481872710958 62.309580832444425 7.901234817876372 79.49575446061847
102.93886483373375 25.895837975612015 53.26029091424983 101.67630709789852 49.90858730813973 33.76691584541548 49.35506400338197 29.58176725011483 77.15700200985306 102.33853991718281 90.2156339133614 89.19375836543057 51.14494980629592 32.240882952748215 77.11172897525236 94.77163559717634 78.37919234608208 0.0 75.5720667192083 67.35601168292969 78.59831882922656 98.28973085527818 47.262679564559754 78.56641739583291 100.69623718808671 45.161314904877074 76.54326910354509 38.27186589602432 60.04331898416824 88.02481868512739 29.818388776846653 49.159683819940014 52.46500176807492 64.71766925198452 83.26180133719512 57.65469942922802 49.628089223027295 23.860484021778678 125.27191933297456 51.91444470653511 53.68692378731077 74.67045287541468 59.665550553546495 81.44860446128455 77.78601392538475 81.54085269542965 91.41460364299871 43.744884345554055 81.70931168130106 27.948900593498934
96.39772121312924 50.24915473768506 32.675097856381264 47.8368088105197 26.332853830760815 71.62436137604138 48.97511229428551 57.3225307633954 68.16727486332037 57.647522647245864 17.11847185144331 15.84053565555488 94.87062206811008 74.43005869514036 34.04495608478559 39.64679264490397 102.72818247986045 75.5720667192083 0.0 31.821388048065867 112.1875326850654 90.48686523957942 74.65193084730652 24.034301738378577 75.48050870538724 48.60053889312216 80.29745921990381 76.58174694927746 89.67286698624233 14.49961876131524 52.28204401954875 26.895535058229797 23.701514683077182 14.212745786273187 58.88834745652852 100.33918179739851 31.634485456228404 68.79906547521797 89.15668632986475 33.215084535269064 59.022196862809565 43.524919248159264 59.64340848869262 93.55083466673501 109.98660773158309 115.45320329917453 118.45774364642692 44.37137062019684 99.69148223883904 47.64108217026092
65.21618571215608 42.88293458806514 14.486072097408972 34.393436419658165 26.177496108604714 49.833986445822106 23.278927551950996 40.152509300937254 36.37324956097573 37.262841524588396 34.147383722849725 33.88068660839002 69.34799001376528 53.17080660567533 9.81536074288228 27.469348376810572 72.19438699797392 67.35601168292969 31.821388048065867 0.0 82.64816372643706 59.26575839342542 48.22596369649991 14.365664213751177 47.064389338564666 25.458110014544364 48.61917438162055 53.18427543783237 61.16666996115169 33.44735357132725 37.83199109614973 34.61981444526237 25.523502004319415 20.103067452977506 28.64291115785129 73.83014947072976 19.429559645456884 51.31778480730254 65.99169530159662 15.84244303146622 30.391414328637566 13.10072193247489 29.332777016432303 62.045861693784374 80.31928877077218 85.80124844811333 87.65313598454914 24.355182876493707 68.50868199118146 43.11376853556561
52.760688703792184 79.94499020833231 79.88920523364332 101.25417211073277 91.51719892637236 49.341014780727505 63.47012792015812 64.2064318410776 53.74837825089509 92.26982947034105 116.73090308588762 116.51342907626386 27.512816883163264 48.890827425301374 86.65467196833809 99.9692745421568 13.234676829398923 78.59831882922656 112.1875326850654 82.64816372643706 0.0 52.691148665341736 39.500934478362325 96.2851393626706 71.87376380092022 64.77698563605692 39.73850647416927 43.27730946565813 23.06209302227338 116.09547518328722 69.99495106752326 98.42816085734907 93.39965303670823 98.12469857117212 68.76333855103712 21.330307195763517 82.4736067515757 58.8149593568766 94.13403930271693 79.61906420862935 53.17174507359913 76.35301546295882 53.315427301082394 28.392112481695655 2.497374316001053 3.3504886589131067 13.829064352755022 69.86573885128878 20.880215294747078 84.21353366011917
5.955208620456113 84.53647106928558 66.3792412800183 59.62657286369899 81.27216723210388 65.182510067004 55.398301880160645 70.89619428555204 24.43366270833872 47.56054534982221 87.2270703261891 87.57225685765457 62.71739562769425 67.5666247755397 56.93292095598392 62.03227147108985 39.761236092497164 98.28973085527818 90.48686523957942 59.26575839342542 52.691148665341736 0.0 52.267540623255826 67.74279855057848 22.5260956172002 59.50951985664325 22.11054574908896 62.34660800434026 47.27788852724884 87.73901028446036 74.04360839749887 90.13403543543892 81.77932720068848 79.32275945329847 31.899715486787674 61.51453911824738 71.52511369522126 74.48851987508209 41.54442060125606 67.0512825929759 46.40318961787852 46.96202708256953 41.0408679302048 25.11081189711528 50.43382071943514 54.15362223840322 47.601809505041174 64.17796911735317 31.886886834145546 87.46129909876312
56.40060741190561 41.351928917804614 41.978049098309995 75.35410425980447 52.329635809864506 13.497575234106543 25.910688367741805 25.37860498348694 35.1448431406707 70.47516402812624 81.82213716408064 81.37012261478091 21.132237693173956 15.403940851687219 54.89703187524049 71.41914536058499 34.06829941055312 47.262679564559754 74.65193084730652 48.22596369649991 39.500934478362325 52.267540623255826 0.0 62.583623177182716 59.805597752103274 26.1271956996022 30.15887345115919 10.130790420585415 16.543325163930017 80.7263765583001 30.890601826252798 58.96987037623188 54.349368428459606 60.43920063087217 46.692404221514536 25.843759965263335 43.74408155582386 23.665674646341902 85.28910047765577 41.46657120590275 18.340788190976006 46.55715893217309 22.16636855070771 34.28639620002894 37.70005854191608 42.850253606827756 49.31849690511639 30.867108368368637 35.50902384109697 45.46636629737552
73.55948909037761 53.04440931992803 25.683141827578005 26.74027495471583 31.64194313636291 63.88929562419945 37.514366665518814 53.123912003909744 47.10621487450084 34.408016812109025 20.679744294069465 20.6720911818861 83.70942076696264 67.18093428737426 10.873943353369187 18.4423949648245 85.35214042965492 78.56641739583291 24.034301738378577 14.365664213751177 96.2851393626706 67.74279855057848 62.583623177182716 0.0 51.557384487075986 39.3257154356381 60.53054121888069 67.44444921264355 75.23045621923356 20.536041702670325 49.98389588332765 38.166223129090874 29.877263785320977 18.8432187889557 35.84707292587902 88.13940748835796 28.951668182481047 64.61484046972912 65.67196335630129 26.96029263657922 44.647596332933134 21.502484847275017 43.118209972121775 74.20991052682415 93.91248964357592 99.37664835471278 100.50985001859486 37.408056889691665 81.09965678804629 52.30651902489597
26.753904708527287 81.97503736745979 58.088531977990876 38.13772328067247 72.37113885658331 70.57461884318813 52.4088416117809 71.32328166938191 24.693078314994423 25.50567971155307 69.11040956130151 69.66679539476924 75.56717324863892 73.60482433559808 41.58330689866439 41.878819117727716 58.63936480492512 100.69623718808671 75.48050870538724 47.064389338564666 71.87376380092022 22.5260956172002 59.805597752103274 51.557384487075986 0.0 56.83612155199827 33.89365906200011 69.61821276762404 60.76868430939167 70.0650115209362 72.75743072557373 81.16618026150024 72.17514189338462 66.60822695596637 19.155793469854984 76.11287409829718 63.63660263691719 78.10401711060751 25.48396081553797 59.11555476272834 47.14809554184706 33.98639564257244 41.173266502417725 43.50039180512774 69.45026298570338 73.8588385634811 68.92301578935415 60.22179482048809 51.22582004392187 83.95300156123551
65.0570166957652 25.416207156953945 16.002990527406755 58.10414714149112 26.881203588920986 24.602699808511566 4.428275933176967 15.848655830140055 35.57471984707515 57.38534090811918 56.97689849066185 56.387494135449124 46.34984321337052 27.863609246742584 34.2953338797669 52.18473651526077 57.00645448399888 45.161314904877074 48.60053889312216 25.458110014544364 64.77698563605692 59.50951985664325 26.1271956996022 39.3257154356381 56.83612155199827 0.0 40.94888840304464 28.620082457570543 41.800864611511045 55.61798191669608 15.976232777771191 34.493079228247744 28.649052208229506 34.39787550866066 38.523270644303615 51.73864488150103 17.720426997872778 26.15388504088591 80.61272760215893 15.385571286899305 14.105786482140546 29.813457772606917 18.565610916911762 51.56780084108792 62.749854239540106 68.11047851198211 72.87838471007379 5.3644987673212725 55.86055791728758 28.00981725265336
26.40787938808481 64.76239142114231 51.37512036704128 61.7461303417821 65.76611390706344 43.17130675877689 37.407190166538435 50.145252047966856 14.36468288056936 52.53780302688145 81.18090215436808 81.20262467930095 42.22637365565099 45.482486558209004 49.99947400922721 61.13601918457137 26.927400815082724 76.54326910354509 80.29745921990381 48.61917438162055 39.73850647416927 22.11054574908896 30.15887345115919 60.53054121888069 33.89365906200011 40.94888840304464 0.0 40.23716094266838 27.060114503041717 81.03342161075255 53.95831417199874 74.27231878110048 66.82100798559449 67.34562176197245 29.239814377539833 42.28430588121378 55.7994052370236 52.686834627143405 58.48087924935902 51.699781573582754 26.926481167306264 39.23853146419596 22.808559749704692 13.721526268727288 37.243019592288505 42.24456575532752 40.641388217555374 46.11099267893398 21.071613098581025 68.0980120252713
66.37759357055279 36.92749432745645 44.445916500513135 82.75655907008334 52.31362140574673 6.12175490833586 29.93019706854491 21.752234247864564 44.92513504175396 78.88556305274719 85.5938644809418 85.00752636071935 18.958011403564797 6.08233276120494 60.90196702127663 78.13971397763332 40.629065367151924 38.27186589602432 76.58174694927746 53.18427543783237 43.27730946565813 62.34660800434026 10.130790420585415 67.44444921264355 69.61821276762404 28.620082457570543 40.23716094266838 0.0 22.17312979228469 84.23352618825507 27.715233538750002 57.761394540615925 54.615982637952655 62.51675467869518 55.6410112118445 25.28602514364013 44.974748688545795 15.79996594489528 95.09269319071466 43.65929894735149 25.5202850353848 53.62632161391793 30.454040790391407 43.34110085667417 41.91852851503146 46.526833525969195 54.79232367933339 32.250309551762534 43.46771770317893 41.254809481051176
49.941744767142424 57.624405012061985 57.15497726972869 83.81669374812975 68.47253495200042 27.8162715946281 40.737936693828225 41.70201653530028 38.055464790978874 76.69885686123445 95.29193816097676 94.97360995314747 15.44072077824571 28.221062277606116 66.31331149335777 81.25057476134374 18.457979813291455 60.04331898416824 89.67286698624233 61.16666996115169 23.06209302227338 47.27788852724884 16.543325163930017 75.23045621923356 60.76868430939167 41.800864611511045 27.060114503041717 22.17312979228469 0.0 94.45849262899523 47.345419803277444 75.37589990768527 70.3814226217537 75.5226336413572 52.33083490753364 15.426869151168676 59.51873613923111 37.93716640219861 85.54063360394805 56.81290106823261 30.95933386249255 56.656567551787774 32.23278623758899 23.99553328551465 21.181450662031832 26.410891438304322 33.00191844790348 46.837109257092514 22.052110474035292 61.81022001265084
93.46738861880048 62.24664850716976 39.91518575000232 37.411075350830494 38.11767258983564 79.89271858152706 54.886737644300304 66.89984942244104 67.63582260872185 48.915762878647286 2.6301009905573447 1.341218512525762 101.63358979044509 82.96526471264299 31.316104769147888 30.024714335545813 105.51996264594904 88.02481868512739 14.49961876131524 33.44735357132725 116.09547518328722 87.73901028446036 80.7263765583001 20.536041702670325 70.0650115209362 55.61798191669608 81.03342161075255 84.23352618825507 94.45849262899523 0.0 62.504669321923075 40.518627606141294 35.563277773706936 23.503720116102357 55.89986093773427 106.55281019106316 40.72159676689489 78.59953845067737 80.13998075839002 40.84465338147946 63.52636777862294 42.02702939492203 62.780128270120656 94.69214236982172 113.76564572592339 119.2469899782625 120.82932661491769 52.330979052224095 101.49504503865546 60.156259291891075
79.34775183905238 10.903883410834716 24.301487444184247 71.9862853260692 26.293990519891096 21.744782163925084 20.38189717207984 5.965051496040597 50.78286072415696 72.57187839651593 64.35952145641558 63.51526906137711 46.60650910333508 23.7075348778236 47.490400790784584 65.30075024252285 64.84905785035826 29.818388776846653 52.28204401954875 37.83199109614973 69.99495106752326 74.04360839749887 30.890601826252798 49.98389588332765 72.75743072557373 15.976232777771191 53.95831417199874 27.715233538750002 47.345419803277444 62.504669321923075 0.0 30.40415800419665 28.845982132663764 39.17918491407176 54.495595800138496 53.00115252706835 21.89130937830187 16.566440642452807 96.5773566749694 23.028429785419448 27.640448162755522 44.90981031047087 33.1770599706865 62.61133772389277 68.34784537369258 73.32190724753241 80.20862017384357 13.927648563394404 65.44548573702812 14.711703933629492
96.00598558141392 24.964749801165883 23.77717750396001 64.8426717598651 8.905132753720697 51.97177356672948 37.19453589982833 36.270563540846155 65.76328683929673 70.83610310139538 42.96992076776652 41.800246743109085 76.71901168150602 54.09902628036293 42.794311200095585 56.601486980951975 91.3979181490294 49.159683819940014 26.895535058229797 34.61981444526237 98.42816085734907 90.13403543543892 58.96987037623188 38.166223129090874 81.16618026150024 34.493079228247744 74.27231878110048 57.761394540615925 75.37589990768527 40.518627606141294 30.40415800419665 0.0 9.097315372909364 19.69716049429702 62.185854693004416 82.93651207505063 18.659919202296262 46.46885538655242 100.54000218059834 23.085336369227218 48.24594867808304 47.35399747100773 51.48092564289728 85.78122311026854 96.54345863347397 101.77853407811398 107.22861176412275 29.140427943562408 90.335372263065 21.61080105053293
87.68703600344536 26.76385096310464 15.543561166224391 56.332205572921 2.6327732347082127 49.221962976625406 30.584681174838792 34.19353131000701 57.53084603721368 61.87964304409512 37.785622258143825 36.74256127191336 73.3950104635535 51.770194854232216 33.79214917550618 48.199934795757365 85.50664676570135 52.46500176807492 23.701514683077182 25.523502004319415 93.39965303670823 81.77932720068848 54.349368428459606 29.877263785320977 72.17514189338462 28.649052208229506 66.82100798559449 54.615982637952655 70.3814226217537 35.563277773706936 28.845982132663764 9.097315372909364 0.0 12.561257673967866 53.26161692065206 79.2988616084016 11.206091045508986 45.4123907277596 91.450415275673 15.123058233072205 41.63662361945438 38.300994445469094 44.20784861977002 78.84447558421898 91.39082590547449 96.7377580682696 101.39906839792974 23.546248727473028 83.8527813667658 24.607593571235366
85.27660294447547 38.85627051690377 18.463117531558154 45.568266906442354 14.943517170540845 57.69358718270262 34.79693658864989 43.85538157837022 56.03086167334371 52.71693793928711 25.563070167167904 24.602391403673778 80.70083833126117 60.5864123894826 25.573969628883948 37.23053140476006 88.91980533997481 64.71766925198452 14.212745786273187 20.103067452977506 98.12469857117212 79.32275945329847 60.43920063087217 18.8432187889557 66.60822695596637 34.39787550866066 67.34562176197245 62.51675467869518 75.5226336413572 23.503720116102357 39.17918491407176 19.69716049429702 12.561257673967866 0.0 48.63201857574929 86.13464088505889 17.757407874553085 55.48830720530819 83.45321156389204 19.013659484470484 45.00827077435965 32.99046137681814 45.99081301873394 80.32147576301328 95.94856986431253 101.40453813068848 104.71787368875805 30.268756619250283 86.18813692976363 37.027883134949
37.714571356218094 63.261132655835816 38.95029659483794 32.51939705125238 53.34597221509462 55.38263444409024 34.14429278504796 53.684070633303286 15.015071635798751 24.382678304035615 55.48267773589579 55.77633406030805 65.44359975663338 58.65393452929697 25.066889387575173 32.261822512436744 56.14345288171742 83.26180133719512 58.88834745652852 28.64291115785129 68.76333855103712 31.899715486787674 46.692404221514536 35.84707292587902 19.155793469854984 38.523270644303615 29.239814377539833 55.6410112118445 52.33083490753364 55.89986093773427 54.495595800138496 62.185854693004416 53.26161692065206 48.63201857574929 0.0 67.54252636159369 44.4926806799322 61.66601292329215 42.09822096627999 39.96529396780737 30.936512821200957 15.646485781055992 25.33277379926838 42.44843566398273 66.26713638747302 71.38819287399042 69.58954367455716 41.48014497736212 50.144968319890026 65.04613472383342
63.518323986953334 61.952418029271016 67.7014572334475 98.60821339372717 77.10720949111222 31.30848147515332 51.75211806066973 47.03762954897526 53.44190442724234 91.92519154380635 107.61571161199133 107.18247768420669 6.731518569026019 29.954930589225494 79.90501490809012 95.59725408844447 25.790956547603486 57.65469942922802 100.33918179739851 73.83014947072976 21.330307195763517 61.51453911824738 25.843759965263335 88.13940748835796 76.11287409829718 51.73864488150103 42.28430588121378 25.28602514364013 15.426869151168676 106.55281019106316 53.00115252706835 82.93651207505063 79.2988616084016 86.13464088505889 67.54252636159369 0.0 69.09795507149757 39.56637277788402 100.70934992030521 67.12413845353767 43.511190865817476 70.77193542615754 45.99270617670824 36.92323480116591 21.01886455998734 24.043503937837073 34.88934928874604 56.16950122760918 32.43887621914139 66.30261601217703
77.38132678600327 24.153798519202414 5.558585876722393 53.34452310641056 9.968622908678226 39.99764191375945 19.392659858962563 26.197581052052673 47.12755442014826 56.652526825820125 42.5110428286302 41.69714837840119 63.43015096889626 42.84741625471052 29.057384962449458 45.840137836552906 74.35430036723314 49.628089223027295 31.634485456228404 19.429559645456884 82.4736067515757 71.52511369522126 43.74408155582386 28.951668182481047 63.63660263691719 17.720426997872778 55.7994052370236 44.974748688545795 59.51873613923111 40.72159676689489 21.89130937830187 18.659919202296262 11.206091045508986 17.757407874553085 44.4926806799322 69.09795507149757 0.0 37.88497204181582 84.54955126094862 4.5598321157770085 30.432260336282138 30.64010748966504 33.09409354006194 67.67484901975105 80.42453685341707 85.8024929174066 90.24894443181532 12.930220457128351 72.64669035105157 23.857591960848804
79.0875941574172 22.96286573331956 39.29838762850908 84.21550187611102 42.85700463685533 10.299906387648518 29.50779930380623 11.708823951466702 53.996395290995736 82.76230085749495 80.34250156946744 79.55819099743218 32.86423888955736 9.92921634143688 60.413913087402555 78.32510969130023 56.37507143623907 23.860484021778678 68.79906547521797 51.31778480730254 58.8149593568766 74.48851987508209 23.665674646341902 64.61484046972912 78.10401711060751 26.15388504088591 52.686834627143405 15.79996594489528 37.93716640219861 78.59953845067737 16.566440642452807 46.46885538655242 45.4123907277596 55.48830720530819 61.66601292329215 39.56637277788402 37.88497204181582 0.0 103.15336367562955 38.16834359239319 31.011493842330204 55.571059647336035 36.95286991508123 57.95188082107501 57.56456925586422 62.01201127673873 70.573309222786 27.20691118343947 58.83665311402948 27.281259555519103
42.774295108923944 105.08362404741688 79.0492324084043 42.91838753521109 92.16714157501227 95.92791402840415 76.24129929414487 95.72100029100936 50.170595397680415 31.526179952882362 78.4659708577347 79.36349278888741 100.60348147093 99.00146823459215 58.04121134361931 50.164479919889274 81.06106884334571 125.27191933297456 89.15668632986475 65.99169530159662 94.13403930271693 41.54442060125606 85.28910047765577 65.67196335630129 25.48396081553797 80.61272760215893 58.48087924935902 95.09269319071466 85.54063360394805 80.13998075839002 96.5773566749694 100.54000218059834 91.450415275673 83.45321156389204 42.09822096627999 100.70934992030521 84.54955126094862 103.15336367562955 0.0 80.24107501211225 72.14259348381772 53.914284652890096 66.2216296961888 66.0468930785656 91.82966246248036 95.68189423751507 88.84823574144197 83.36913910087505 73.26227989394911 106.58326975673022
72.92072519905506 27.060341992321632 1.3631815477959615 50.161322401068496 14.262149389496836 39.08593787484353 16.163204236089722 26.500196064024625 42.67967841632821 52.78662232910856 42.412468239089414 41.712645601718776 61.69957552356451 42.12599292280921 25.638706809069884 42.94175160111525 71.05049236854326 51.91444470653511 33.215084535269064 15.84244303146622 79.61906420862935 67.0512825929759 41.46657120590275 26.96029263657922 59.11555476272834 15.385571286899305 51.699781573582754 43.65929894735149 56.81290106823261 40.84465338147946 23.028429785419448 23.085336369227218 15.123058233072205 19.013659484470484 39.96529396780737 67.12413845353767 4.5598321157770085 38.16834359239319 80.24107501211225 0.0 26.95798248099264 26.335103876969956 29.138666115119726 63.82402718121934 77.50898286146146 82.9285877336427 86.93589540643084 11.498802436367209 69.02595572166324 27.318460758532375
51.735514838262034 38.20285810700184 27.03630064778821 57.34766460522114 40.18355339289552 24.514473175149085 11.087560103566737 24.82571169961082 23.58095694865134 53.475151110955785 64.41693301832657 64.06596386359581 39.36448448457204 27.842573068991733 36.58531987285235 53.1311733511476 44.105696401307654 53.68692378731077 59.022196862809565 30.391414328637566 53.17174507359913 46.40318961787852 18.340788190976006 44.647596332933134 47.14809554184706 14.105786482140546 26.926481167306264 25.5202850353848 30.95933386249255 63.52636777862294 27.640448162755522 48.24594867808304 41.63662361945438 45.00827077435965 30.936512821200957 43.511190865817476 30.432260336282138 31.011493842330204 72.14259348381772 26.95798248099264 0.0 28.336123430170634 5.985315262598569 37.56135592205212 50.96442548478019 56.43177298137494 59.98402082216617 19.38894927798704 42.22539211472154 41.329939915107275
52.87441545133684 52.05294323958882 25.13520804285166 29.159760431613115 38.67562445497651 51.655839866538685 26.07994624318288 45.655693271969795 25.609306856094634 27.668336491915447 42.022181466883666 42.10900793899933 67.27908430785024 55.07852783546133 10.774819088624787 24.899306937841377 64.79346132181544 74.67045287541468 43.524919248159264 13.10072193247489 76.35301546295882 46.96202708256953 46.55715893217309 21.502484847275017 33.98639564257244 29.813457772606917 39.23853146419596 53.62632161391793 56.656567551787774 42.02702939492203 44.90981031047087 47.35399747100773 38.300994445469094 32.99046137681814 15.646485781055992 70.77193542615754 30.64010748966504 55.571059647336035 53.914284652890096 26.335103876969956 28.336123430170634 0.0 24.79961811857722 52.95681880111148 73.91738841622752 79.31496766883079 79.58507849027961 31.024374573033295 60.05699322996842 53.09277158087589
46.52391651719607 43.51883453535482 28.943374647739905 53.24856768031409 43.04301340642557 30.072191729717673 14.708492797399224 30.686149869252823 17.705835141553415 48.48225335315446 63.43639006217091 63.20260753003344 42.52996753749156 33.32505784785251 34.09667436497461 49.67877245092641 43.12664415124665 59.665550553546495 59.64340848869262 29.332777016432303 53.315427301082394 41.0408679302048 22.16636855070771 43.118209972121775 41.173266502417725 18.565610916911762 22.808559749704692 30.454040790391407 32.23278623758899 62.780128270120656 33.1770599706865 51.48092564289728 44.20784861977002 45.99081301873394 25.33277379926838 45.99270617670824 33.09409354006194 36.95286991508123 66.2216296961888 29.138666115119726 5.985315262598569 24.79961811857722 0.0 34.7028685377686 50.98869995679567 56.47174435829662 58.81509159495092 23.508386289726833 40.21746015501247 46.42733661736854
26.60771861753885 73.5095174109587 63.646240723045395 74.76961989336318 77.56647000556133 47.7475606513182 48.58670052783848 57.9771977022671 27.897359953842745 64.82893325521295 94.8727571964574 94.87965514796608 39.029295958210234 49.26195975957426 63.713396074983706 74.59344352038964 15.163659875336528 81.44860446128455 93.55083466673501 62.045861693784374 28.392112481695655 25.11081189711528 34.28639620002894 74.20991052682415 43.50039180512774 51.56780084108792 13.721526268727288 43.34110085667417 23.99553328551465 94.69214236982172 62.61133772389277 85.78122311026854 78.84447558421898 80.32147576301328 42.44843566398273 36.92323480116591 67.67484901975105 57.95188082107501 66.0468930785656 63.82402718121934 37.56135592205212 52.95681880111148 34.7028685377686 0.0 25.99220688454501 30.376750350057424 27.14138501125807 56.90630858067255 7.878527407836103 77.21971553424811
50.641386154286174 78.4105029920813 77.75670904992461 98.75955471536489 89.5388969209068 47.93745925648056 61.35007389675399 62.60293771081296 51.25226465269369 89.77582751406942 114.38171121449882 114.17377544009305 26.897170188372975 47.63573471810399 84.24237576374065 97.49313202305378 10.829174754360821 77.78601392538475 109.98660773158309 80.31928877077218 2.497374316001053 50.43382071943514 37.70005854191608 93.91248964357592 69.45026298570338 62.749854239540106 37.243019592288505 41.91852851503146 21.181450662031832 113.76564572592339 68.34784537369258 96.54345863347397 91.39082590547449 95.94856986431253 66.26713638747302 21.01886455998734 80.42453685341707 57.56456925586422 91.82966246248036 77.50898286146146 50.96442548478019 73.91738841622752 50.98869995679567 25.99220688454501 0.0 5.485540035979121 13.878452356750426 67.87534404251777 18.56923668750499 82.65714901718363
53.87825112835721 83.24291953743679 83.18970177215489 103.90259385069719 94.86030013886105 52.60359782425063 66.77508297059855 67.5244660917244 56.3835516842515 94.71074984535127 119.85704304913128 119.65244122939107 30.40085539380287 52.095176883261814 89.67252021097556 102.77591254132221 15.399997399375083 81.54085269542965 115.45320329917453 85.80124844811333 3.3504886589131067 54.15362223840322 42.850253606827756 99.37664835471278 73.8588385634811 68.11047851198211 42.24456575532752 46.526833525969195 26.410891438304322 119.2469899782625 73.32190724753241 101.77853407811398 96.7377580682696 101.40453813068848 71.38819287399042 24.043503937837073 85.8024929174066 62.01201127673873 95.68189423751507 82.9285877336427 56.43177298137494 79.31496766883079 56.47174435829662 30.376750350057424 5.485540035979121 0.0 12.113784432729773 73.20648168966191 22.649729756550183 87.51723759626844
46.18011938761273 90.60031226881404 87.0145963660668 101.86301680119747 99.74272795175217 60.659984429292074 70.87916935228655 74.6507769827085 54.96733703455462 91.62356156157244 121.18084047845737 121.10508833092727 40.73484337504412 60.68468974413855 90.26056393772527 101.71646124177278 15.89481872710958 91.41460364299871 118.45774364642692 87.65313598454914 13.829064352755022 47.601809505041174 49.31849690511639 100.50985001859486 68.92301578935415 72.87838471007379 40.641388217555374 54.79232367933339 33.00191844790348 120.82932661491769 80.20862017384357 107.22861176412275 101.39906839792974 104.71787368875805 69.58954367455716 34.88934928874604 90.24894443181532 70.573309222786 88.84823574144197 86.93589540643084 59.98402082216617 79.58507849027961 58.81509159495092 27.14138501125807 13.878452356750426 12.113784432729773 0.0 78.16948080294824 19.578834244107778 94.7596718987551
69.80723034299217 21.783297166634544 12.43025071963758 58.19527234954737 21.66765622362829 27.58777290328477 8.81985992888474 15.817043826209373 39.995514970598556 58.66970635573089 53.86285753324504 53.18437728453073 50.53942565104073 30.634285679249864 33.82077393418173 51.72456796931544 62.309580832444425 43.744884345554055 44.37137062019684 24.355182876493707 69.86573885128878 64.17796911735317 30.867108368368637 37.408056889691665 60.22179482048809 5.3644987673212725 46.11099267893398 32.250309551762534 46.837109257092514 52.330979052224095 13.927648563394404 29.140427943562408 23.546248727473028 30.268756619250283 41.48014497736212 56.16950122760918 12.930220457128351 27.20691118343947 83.36913910087505 11.498802436367209 19.38894927798704 31.024374573033295 23.508386289726833 56.90630858067255 67.87534404251777 73.20648168966191 78.16948080294824 0.0 61.22410689879861 23.82990802490592
32.429860778533644 76.24441311140347 68.96824975035189 82.54446851731174 82.40301604109565 48.53743382822223 53.30627065099394 60.392614521581564 35.41820047760997 72.69880395833951 101.77929734328886 101.73554931388979 35.717552679062514 49.53886970549731 70.76118263558553 82.18779852290214 7.901234817876372 81.70931168130106 99.69148223883904 68.50868199118146 20.880215294747078 31.886886834145546 35.50902384109697 81.09965678804629 51.22582004392187 55.86055791728758 21.071613098581025 43.46771770317893 22.052110474035292 101.49504503865546 65.44548573702812 90.335372263065 83.8527813667658 86.18813692976363 50.144968319890026 32.43887621914139 72.64669035105157 58.83665311402948 73.26227989394911 69.02595572166324 42.22539211472154 60.05699322996842 40.21746015501247 7.878527407836103 18.56923668750499 22.649729756550183 19.578834244107778 61.22410689879861 0.0 80.15548265421175
92.94213716527526 4.353479596715313 28.657628986524195 77.20207513967264 22.104598102045504 35.13558258010527 32.27961107161772 20.110611280669303 63.57806723908414 80.05922351335956 62.392905617328495 61.34472211812063 59.707399296879366 36.37849074036794 52.84997379456121 69.65506547850507 79.49575446061847 27.948900593498934 47.64108217026092 43.11376853556561 84.21353366011917 87.46129909876312 45.46636629737552 52.30651902489597 83.95300156123551 28.00981725265336 68.0980120252713 41.254809481051176 61.81022001265084 60.156259291891075 14.711703933629492 21.61080105053293 24.607593571235366 37.027883134949 65.04613472383342 66.30261601217703 23.857591960848804 27.281259555519103 106.58326975673022 27.318460758532375 41.329939915107275 53.09277158087589 46.42733661736854 77.21971553424811 82.65714901718363 87.51723759626844 94.7596718987551 23.82990802490592 80.15548265421175 0.0
