EUCLIDEAN
5
96.46759878571025 81.69602978275672
85.03191446850053 69.68199191249002
77.40813335326935 72.57006927131442
94.36587033293189 35.65835142811618
96.44030294631077 4.528838170791616
0.0 16.586499984960025 21.131643992524904 46.085627811439835 77.16719643955317
16.586499984960025 0.0 8.152486082386755 35.28074324456722 66.14442357561234
21.131643992524904 8.152486082386755 0.0 40.62068140254782 70.65290234019436
46.085627811439835 35.28074324456722 40.62068140254782 0.0 31.19855551632792
77.16719643955317 66.14442357561234 70.65290234019436 31.19855551632792 0.0
